m1x: 0.0
m1y: -0.57728
m1z: 0.81654
m2x: 0.0
m2y: 0.81654
m2z: 0.57728
nv_depth: 20.0
proton_count: 5000
output_file: out_cli.csv
stl_file: RobinsChipDrops.stl
resolution_x: 200
resolution_y: 200
